X	Y	CP	P
0	0	1.045250406	47447.67882
0.000131897	0.001370305	0.951161148	43176.62867
0.000777639	0.004138132	0.779058787	35364.28294
0.001919897	0.006826393	0.554112119	25153.14386
0.003548536	0.009432777	0.3259066	14794.07385
0.005674749	0.011979749	0.111853621	5077.438514
0.008287802	0.014453621	-0.070440046	-3197.527268
0.011387796	0.016856272	-0.219283096	-9954.049134
0.014974718	0.019187503	-0.341617662	-15507.25552
0.019048508	0.021446115	-0.44463256	-20183.47256
0.023588563	0.023621136	-0.530056665	-24061.18021
0.028615393	0.025721837	-0.598392325	-27163.18186
0.034098245	0.027734539	-0.656835787	-29816.14097
0.040047317	0.02966285	-0.707357933	-32109.52308
0.046452365	0.031502329	-0.750700195	-34076.98436
0.053303184	0.033249272	-0.788629242	-35798.72035
0.060599714	0.034902647	-0.823199193	-37367.9749
0.068331758	0.036458897	-0.854797401	-38802.3313
0.076489139	0.037914909	-0.883770428	-40117.52129
0.085071793	0.039269418	-0.909478188	-41284.48909
0.094059462	0.040518108	-0.93244897	-42327.21555
0.103452094	0.041659982	-0.95507262	-43354.18448
0.113239552	0.042692679	-0.976976628	-44348.48628
0.12340166	0.0436133	-0.997290925	-45270.62533
0.133948433	0.044421896	-1.015695135	-46106.05869
0.144849666	0.045115414	-1.031973159	-46844.97679
0.156095317	0.045693001	-1.047391321	-47544.86265
0.167685341	0.046154372	-1.063860477	-48292.45693
0.179609704	0.046498815	-1.080581982	-49051.50628
0.191848365	0.04672575	-1.094382773	-49677.97385
0.204391288	0.046835285	-1.107376679	-50267.81401
0.217218468	0.046827814	-1.120515871	-50864.24924
0.230329957	0.046704036	-1.132652583	-51415.17828
0.243705783	0.046464962	-1.14386241	-51924.03267
0.257335985	0.046111848	-1.15440088	-52402.41178
0.271210611	0.045646146	-1.16466498	-52868.33622
0.285299802	0.045070384	-1.174467581	-53313.3116
0.299603588	0.04438629	-1.183843144	-53738.90215
0.314112117	0.043596041	-1.19272014	-54141.86094
0.328795523	0.04270324	-1.201179889	-54525.87943
0.343643929	0.041710707	-1.209130162	-54886.77091
0.358657447	0.040620604	-1.216681086	-55229.53457
0.373806288	0.039437381	-1.223596095	-55543.4317
0.389070612	0.038165131	-1.230238388	-55844.94928
0.404450581	0.036806376	-1.236619944	-56134.6311
0.419926365	0.035365388	-1.242417829	-56397.81798
0.435478202	0.033846636	-1.247587408	-56632.48378
0.451086283	0.032254771	-1.252225347	-56843.01653
0.466750744	0.030592434	-1.256492157	-57036.70239
0.482441868	0.028865423	-1.260645762	-57225.24944
0.498149824	0.027077497	-1.264816688	-57414.58281
0.513864779	0.025232359	-1.269010364	-57604.94888
0.52955706	0.023336084	-1.273066479	-57789.07053
0.545226738	0.021391193	-1.276741987	-57955.91505
0.560844113	0.019403837	-1.280032229	-58105.27101
0.57640937	0.017376387	-1.282880833	-58234.5794
0.591892692	0.015315044	-1.2855152	-58354.16279
0.607284299	0.01322339	-1.288090591	-58471.06907
0.622564452	0.011106306	-1.290515994	-58581.16681
0.637723305	0.008967273	-1.292764938	-58683.25451
0.652750951	0.006809691	-1.294993832	-58784.432
0.667627702	0.004638316	-1.297268727	-58887.69767
0.682333756	0.002457932	-1.299557317	-58991.58501
0.696859257	0.000271829	-1.301812742	-59093.96687
0.711194347	-0.00191677	-1.303958236	-59191.35857
0.725309331	-0.004101612	-1.305938947	-59281.27018
0.739204356	-0.006281042	-1.308017478	-59375.62218
0.752869439	-0.008451914	-1.182503572	-53678.09415
0.766274949	-0.010607933	-0.388864891	-17651.97732
0.779411083	-0.012745925	0.13645353	6194.116965
0.792277863	-0.014864364	0.026606977	1207.786454
0.804855483	-0.016958486	0.060067559	2726.682742
0.81713414	-0.019025149	0.064740653	2938.811319
0.829084155	-0.021057808	0.072483097	3290.268729
0.840715488	-0.023056615	0.08181911	3714.063954
0.852018277	-0.025018387	0.091207655	4140.243789
0.862952976	-0.026934691	0.101280778	4597.499144
0.873539479	-0.02880744	0.111693715	5070.1798
0.883758053	-0.030631611	0.122282737	5550.85363
0.893588855	-0.032402069	0.133357956	6053.597732
0.903032025	-0.034117242	0.144848436	6575.19195
0.912077715	-0.035773755	0.156845499	7119.781835
0.920706201	-0.037366388	0.169249028	7682.822674
0.928927439	-0.038895389	0.18208821	8265.63939
0.936711778	-0.04035366	0.195468617	8873.024198
0.944069231	-0.041741504	0.20944437	9507.433952
0.950989946	-0.043055545	0.223992726	10167.8362
0.957464072	-0.044292422	0.239136484	10855.26591
0.963481817	-0.045448803	0.254979075	11574.41815
0.969043193	-0.046523292	0.271658057	12331.53718
0.974128476	-0.047510733	0.289572793	13144.75154
0.978757585	-0.048413737	0.308952715	14024.47597
0.982900801	-0.049225338	0.329761817	14969.07602
0.986577973	-0.049948344	0.352181055	15986.76594
0.989759495	-0.050575958	0.376482476	17089.89494
0.992465201	-0.051111225	0.403131529	18299.59138
0.994685206	-0.051551453	0.432772065	19645.08199
0.996409617	-0.051894058	0.466924896	21195.40195
0.99763852	-0.052138566	0.508245901	23071.11112
0.998381797	-0.052286594	0.555238018	25204.2525
0.998629535	-0.052335956	0.572900782	26006.02893
0.998377994	-0.052359152	0.541051705	24560.28466
0.997623316	-0.052428676	0.491253089	22299.74622
0.996375587	-0.052543389	0.446679379	20276.38508
0.99462481	-0.052703868	0.410103333	18616.06664
0.992370951	-0.05290963	0.379386159	17221.70356
0.989624116	-0.053159141	0.352429705	15998.05305
0.98639442	-0.053450757	0.328149176	14895.87245
0.982661817	-0.053785434	0.30588171	13885.07198
0.978456462	-0.054159504	0.285202186	12946.35395
0.973758323	-0.054573688	0.265815711	12066.33208
0.968597681	-0.055024163	0.247513743	11235.53985
0.962954456	-0.055511444	0.230123803	10446.14784
0.956848802	-0.056032465	0.213516353	9692.275938
0.950280853	-0.056585835	0.197599409	8969.748551
0.943260696	-0.057169266	0.182295791	8275.062213
0.935798479	-0.057780444	0.16754376	7605.414426
0.927904352	-0.058417041	0.153286903	6958.244344
0.919568327	-0.059078313	0.139474701	6331.258785
0.910820633	-0.059760299	0.126072294	5722.875292
0.901651344	-0.060462206	0.113046473	5131.586362
0.89208062	-0.061180903	0.100368495	4556.087323
0.882118609	-0.061914064	0.088014659	3995.302244
0.871765335	-0.062660109	0.075957607	3447.98924
0.861041071	-0.063416009	0.064175727	2913.167261
0.849965965	-0.064178828	0.052642205	2389.619206
0.838520033	-0.06494839	0.041325349	1875.906375
0.826743486	-0.065720441	0.030209539	1371.31975
0.814646463	-0.066492848	0.019274361	874.9326271
0.802219045	-0.067264721	0.008501398	385.9090596
0.789491431	-0.068032652	-0.002128036	-96.59923378
0.7764737	-0.068794541	-0.012613082	-572.553221
0.763186046	-0.069547721	-0.022979155	-1043.106585
0.749628607	-0.070290672	-0.033277919	-1510.604542
0.735811465	-0.071021262	-0.043525144	-1975.762986
0.721764746	-0.071736327	-0.053734352	-2439.195685
0.707498707	-0.072433782	-0.063888308	-2900.120315
0.693013375	-0.073111967	-0.07401006	-3359.583066
0.678338937	-0.073767766	-0.084122878	-3818.640287
0.663485532	-0.074399005	-0.094256685	-4278.650249
0.648463306	-0.075003441	-0.10440363	-4739.256605
0.633292455	-0.075578386	-0.114561211	-5200.345792
0.617993053	-0.07612117	-0.124750647	-5662.880985
0.602575312	-0.076629445	-0.134976514	-6127.069872
0.587049384	-0.07710078	-0.145253795	-6593.592675
0.571435412	-0.077532384	-0.155544856	-7060.740962
0.555743497	-0.077921714	-0.165929656	-7532.144412
0.54000394	-0.078265723	-0.176238614	-8000.105162
0.524216806	-0.078562032	-0.186555689	-8468.434338
0.508412275	-0.078807629	-0.196985558	-8941.883611
0.492590538	-0.078999999	-0.207341793	-9411.990425
0.476781742	-0.079136202	-0.217646959	-9879.779
0.460996054	-0.079213584	-0.227798891	-10340.61173
0.445243643	-0.079229432	-0.237839781	-10796.40389
0.429554671	-0.079181088	-0.247642333	-11241.37702
0.413929275	-0.07906591	-0.256998484	-11666.08639
0.398387645	-0.078881345	-0.265998531	-12074.63089
0.3829499	-0.078625012	-0.274592993	-12464.76449
0.367636209	-0.078294736	-0.282596124	-12828.05542
0.352446674	-0.077887992	-0.289889954	-13159.14862
0.337401455	-0.077402783	-0.296372075	-13453.39541
0.322530643	-0.076837798	-0.301894757	-13704.08983
0.30783435	-0.076190874	-0.30627926	-13903.11822
0.293322698	-0.07546024	-0.309360751	-14042.99817
0.279025762	-0.074645434	-0.310945002	-14114.91305
0.26495357	-0.07374532	-0.310903881	-14113.04642
0.251106271	-0.072758178	-0.309177064	-14034.65997
0.237513826	-0.071684613	-0.305724325	-13877.92771
0.224186284	-0.070524223	-0.300468747	-13639.35813
0.211133683	-0.069276799	-0.293323354	-13315.00299
0.198375991	-0.067943423	-0.284248836	-12903.07798
0.185913229	-0.066523396	-0.273211284	-12402.04374
0.173765334	-0.065018416	-0.260198757	-11811.3583
0.161942298	-0.063429425	-0.245181319	-11129.6627
0.150463991	-0.061759093	-0.228186287	-10358.19705
0.139340319	-0.06000918	-0.209170955	-9495.022676
0.128571297	-0.058179972	-0.18803531	-8535.599635
0.118166821	-0.056273368	-0.164718312	-7477.157166
0.108156614	-0.05429556	-0.139161902	-6317.059704
0.098530718	-0.052245453	-0.111389828	-5056.385299
0.089308899	-0.050128037	-0.081226292	-3687.153787
0.080500989	-0.04794672	-0.04838513	-2196.375229
0.072106936	-0.045702499	-0.012557693	-570.0388761
0.064146437	-0.043401785	0.026651953	1209.828109
0.056619422	-0.041045842	0.069669302	3162.540442
0.049535688	-0.038638829	0.116894132	5306.245458
0.042905004	-0.03618535	0.168845448	7664.502708
0.036727322	-0.033686438	0.22629935	10272.54216
0.031012402	-0.031146844	0.290009298	13164.56608
0.025769971	-0.028572053	0.361118139	16392.45237
0.020990261	-0.025957413	0.440916674	20014.79515
0.016702428	-0.023319742	0.529251294	24024.62154
0.012887045	-0.020647676	0.627167811	28469.40476
0.009563452	-0.01795428	0.735633674	33393.06074
0.006731586	-0.015240754	0.849211587	38548.77108
0.004391437	-0.012507296	0.966461519	43871.16761
0.002543104	-0.009752026	1.074800354	48789.05733
0.001195827	-0.006989681	1.143042445	51886.81152
0.000340826	-0.004196749	1.154857992	52423.16175
-1.21E-05	-0.001376585	1.11158455	50458.82441