X	Y	CP	P
0	0	0.640433976	11356.09521
0.000131897	0.001370305	0.455839301	8082.885514
0.000777639	0.004138132	0.155785783	2762.374034
0.001919897	0.006826393	-0.20286084	-3597.103056
0.003548536	0.009432777	-0.525577871	-9319.481114
0.005674749	0.011979749	-0.78806756	-13973.91547
0.008287802	0.014453621	-0.980617995	-17388.19571
0.011387796	0.016856272	-1.111074655	-19701.4369
0.014974718	0.019187503	-1.194041229	-21172.58981
0.019048508	0.021446115	-1.239201798	-21973.37139
0.023588563	0.023621136	-1.256450689	-22279.22657
0.028615393	0.025721837	-1.257668342	-22300.81784
0.034098245	0.027734539	-1.247679292	-22123.69325
0.040047317	0.02966285	-1.230384876	-21817.03082
0.046452365	0.031502329	-1.208472495	-21428.48322
0.053303184	0.033249272	-1.183863962	-20992.12779
0.060599714	0.034902647	-1.157789758	-20529.78327
0.068331758	0.036458897	-1.130998064	-20054.71629
0.076489139	0.037914909	-1.103898809	-19574.19569
0.085071793	0.039269418	-1.07683063	-19094.22612
0.094059462	0.040518108	-1.049929555	-18617.21962
0.103452094	0.041659982	-1.023324706	-18145.46578
0.113239552	0.042692679	-0.997085787	-17680.20053
0.12340166	0.0436133	-0.971266216	-17222.37114
0.133948433	0.044421896	-0.945846379	-16771.62977
0.144849666	0.045115414	-0.920832507	-16328.08692
0.156095317	0.045693001	-0.896278696	-15892.7018
0.167685341	0.046154372	-0.872203102	-15465.79637
0.179609704	0.046498815	-0.848288911	-15041.75294
0.191848365	0.04672575	-0.824562552	-14621.04011
0.204391288	0.046835285	-0.801246845	-14207.6089
0.217218468	0.046827814	-0.778247094	-13799.78019
0.230329957	0.046704036	-0.755566056	-13397.60286
0.243705783	0.046464962	-0.733172993	-13000.53186
0.257335985	0.046111848	-0.711078821	-12608.76078
0.271210611	0.045646146	-0.689275351	-12222.14437
0.285299802	0.045070384	-0.667764306	-11840.7132
0.299603588	0.04438629	-0.646504892	-11463.74393
0.314112117	0.043596041	-0.625460233	-11090.58268
0.328795523	0.04270324	-0.60468099	-10722.12772
0.343643929	0.041710707	-0.584243852	-10359.73895
0.358657447	0.040620604	-0.564190251	-10004.151
0.373806288	0.039437381	-0.544500169	-9655.008934
0.389070612	0.038165131	-0.525121711	-9311.392542
0.404450581	0.036806376	-0.506088869	-8973.90457
0.419926365	0.035365388	-0.487430683	-8643.05994
0.435478202	0.033846636	-0.469112032	-8318.23592
0.451086283	0.032254771	-0.451134962	-7999.468757
0.466750744	0.030592434	-0.433500764	-7686.781366
0.482441868	0.028865423	-0.416200098	-7380.008108
0.498149824	0.027077497	-0.399226402	-7079.032648
0.513864779	0.025232359	-0.382578195	-6783.828728
0.52955706	0.023336084	-0.366247156	-6494.248793
0.545226738	0.021391193	-0.350213831	-6209.94787
0.560844113	0.019403837	-0.334472143	-5930.818239
0.57640937	0.017376387	-0.31902634	-5656.935187
0.591892692	0.015315044	-0.303865369	-5388.10274
0.607284299	0.01322339	-0.288972301	-5124.020718
0.622564452	0.011106306	-0.274325785	-4864.310529
0.637723305	0.008967273	-0.259903242	-4608.571806
0.652750951	0.006809691	-0.245685675	-4356.467677
0.667627702	0.004638316	-0.231657705	-4107.725461
0.682333756	0.002457932	-0.217801345	-3862.026218
0.696859257	0.000271829	-0.204097212	-3619.026243
0.711194347	-0.00191677	-0.190525639	-3378.376822
0.725309331	-0.004101612	-0.177070115	-3139.785137
0.739204356	-0.006281042	-0.163706673	-2902.826262
0.752869439	-0.008451914	-0.150410912	-2667.067483
0.766274949	-0.010607933	-0.137164862	-2432.190186
0.779411083	-0.012745925	-0.123944957	-2197.776478
0.792277863	-0.014864364	-0.110723061	-1963.327484
0.804855483	-0.016958486	-0.097475404	-1728.421687
0.81713414	-0.019025149	-0.084189082	-1492.830273
0.829084155	-0.021057808	-0.070842607	-1256.17225
0.840715488	-0.023056615	-0.057403705	-1017.875329
0.852018277	-0.025018387	-0.043843805	-777.4328751
0.862952976	-0.026934691	-0.030140835	-534.4535139
0.873539479	-0.02880744	-0.016263298	-288.3787666
0.883758053	-0.030631611	-0.002185451	-38.7521354
0.893588855	-0.032402069	0.012120268	214.915075
0.903032025	-0.034117242	0.026692969	473.3163925
0.912077715	-0.035773755	0.04156636	737.0495021
0.920706201	-0.037366388	0.056777123	1006.764843
0.928927439	-0.038895389	0.072365898	1283.183054
0.936711778	-0.04035366	0.088376776	1567.085942
0.944069231	-0.041741504	0.10487098	1859.55911
0.950989946	-0.043055545	0.121916971	2161.816484
0.957464072	-0.044292422	0.139587808	2475.153559
0.963481817	-0.045448803	0.157971273	2801.12687
0.969043193	-0.046523292	0.177176564	3141.672679
0.974128476	-0.047510733	0.197357546	3499.519338
0.978757585	-0.048413737	0.21871439	3878.216225
0.982900801	-0.049225338	0.241487598	4282.027895
0.986577973	-0.049948344	0.266026235	4717.143944
0.989759495	-0.050575958	0.292841689	5192.632223
0.992465201	-0.051111225	0.322732896	5722.659378
0.994685206	-0.051551453	0.357014526	6330.53695
0.996409617	-0.051894058	0.398148122	7059.912726
0.99763852	-0.052138566	0.44908714	7963.157039
0.998381797	-0.052286594	0.509045525	9026.331622
0.998629535	-0.052335956	0.543178715	9631.577082
0.998377994	-0.052359152	0.513329749	9102.298949
0.997623316	-0.052428676	0.453225665	8036.540841
0.996375587	-0.052543389	0.403488683	7154.610897
0.99462481	-0.052703868	0.364137955	6456.848698
0.992370951	-0.05290963	0.332045814	5887.794875
0.989624116	-0.053159141	0.304664481	5402.272501
0.98639442	-0.053450757	0.280586546	4975.325555
0.982661817	-0.053785434	0.258992008	4592.413904
0.978456462	-0.054159504	0.239341448	4243.97263
0.973758323	-0.054573688	0.221262262	3923.394774
0.968597681	-0.055024163	0.204497235	3626.119403
0.962954456	-0.055511444	0.188836483	3348.424919
0.956848802	-0.056032465	0.174122175	3087.512648
0.950280853	-0.056585835	0.160240601	2841.366312
0.943260696	-0.057169266	0.147096684	2608.300012
0.935798479	-0.057780444	0.134613766	2386.954472
0.927904352	-0.058417041	0.122724086	2176.128158
0.919568327	-0.059078313	0.111367005	1974.74581
0.910820633	-0.059760299	0.100497969	1782.017422
0.901651344	-0.060462206	0.090077491	1597.242813
0.89208062	-0.061180903	0.080069152	1419.776189
0.882118609	-0.061914064	0.070442689	1249.080958
0.871765335	-0.062660109	0.061167875	1084.621108
0.861041071	-0.063416009	0.052219427	925.9483564
0.849965965	-0.064178828	0.043572036	772.6138912
0.838520033	-0.06494839	0.035197631	624.1200009
0.826743486	-0.065720441	0.027077246	480.1303386
0.814646463	-0.066492848	0.019190892	340.2904939
0.802219045	-0.067264721	0.011516159	204.2030887
0.789491431	-0.068032652	0.004041081	71.65594255
0.7764737	-0.068794541	-0.003244359	-57.52856624
0.763186046	-0.069547721	-0.010358694	-183.6790742
0.749628607	-0.070290672	-0.017320253	-307.1205577
0.735811465	-0.071021262	-0.024147176	-428.1747027
0.721764746	-0.071736327	-0.030851066	-547.0472375
0.707498707	-0.072433782	-0.037436483	-663.8190373
0.693013375	-0.073111967	-0.043915062	-778.6963926
0.678338937	-0.073767766	-0.050296892	-891.8582023
0.663485532	-0.074399005	-0.056595151	-1003.538142
0.648463306	-0.075003441	-0.062821819	-1113.948642
0.633292455	-0.075578386	-0.068974085	-1223.039849
0.617993053	-0.07612117	-0.075053702	-1330.842866
0.602575312	-0.076629445	-0.081061045	-1437.364318
0.587049384	-0.07710078	-0.087015591	-1542.949586
0.571435412	-0.077532384	-0.092929838	-1647.820272
0.555743497	-0.077921714	-0.098759914	-1751.19845
0.54000394	-0.078265723	-0.104474265	-1852.524607
0.524216806	-0.078562032	-0.110061308	-1951.593349
0.508412275	-0.078807629	-0.115517734	-2048.346012
0.492590538	-0.078999999	-0.120855365	-2142.992218
0.476781742	-0.079136202	-0.126048392	-2235.074338
0.460996054	-0.079213584	-0.131120313	-2325.009
0.445243643	-0.079229432	-0.135949413	-2410.637991
0.429554671	-0.079181088	-0.140469106	-2490.780629
0.413929275	-0.07906591	-0.144779554	-2567.21296
0.398387645	-0.078881345	-0.148834772	-2639.119575
0.3829499	-0.078625012	-0.152571307	-2705.375336
0.367636209	-0.078294736	-0.155941997	-2765.143997
0.352446674	-0.077887992	-0.158900353	-2817.601188
0.337401455	-0.077402783	-0.161397541	-2861.881019
0.322530643	-0.076837798	-0.163374648	-2896.938828
0.30783435	-0.076190874	-0.164776479	-2921.795925
0.293322698	-0.07546024	-0.165543234	-2935.39193
0.279025762	-0.074645434	-0.16561413	-2936.649055
0.26495357	-0.07374532	-0.164932247	-2924.55799
0.251106271	-0.072758178	-0.163434618	-2898.002221
0.237513826	-0.071684613	-0.161061406	-2855.920718
0.224186284	-0.070524223	-0.157746565	-2797.142366
0.211133683	-0.069276799	-0.15340758	-2720.204038
0.198375991	-0.067943423	-0.147953274	-2623.488953
0.185913229	-0.066523396	-0.141263121	-2504.860012
0.173765334	-0.065018416	-0.133201499	-2361.912339
0.161942298	-0.063429425	-0.123584799	-2191.390202
0.150463991	-0.061759093	-0.11233025	-1991.825943
0.139340319	-0.06000918	-0.099512545	-1764.544017
0.128571297	-0.058179972	-0.084939139	-1506.130187
0.118166821	-0.056273368	-0.06831352	-1211.326796
0.108156614	-0.05429556	-0.049633207	-880.0898285
0.098530718	-0.052245453	-0.028745926	-509.7191749
0.089308899	-0.050128037	-0.005021078	-89.03312453
0.080500989	-0.04794672	0.022081042	391.5382721
0.072106936	-0.045702499	0.052794253	936.1410964
0.064146437	-0.043401785	0.087417228	1550.071367
0.056619422	-0.041045842	0.12645364	2242.260141
0.049535688	-0.038638829	0.17047526	3022.845993
0.042905004	-0.03618535	0.220150329	3903.678113
0.036727322	-0.033686438	0.276407909	4901.230486
0.031012402	-0.031146844	0.34031576	6034.436518
0.025769971	-0.028572053	0.412040203	7306.245372
0.020990261	-0.025957413	0.492198875	8727.608927
0.016702428	-0.023319742	0.581638867	10313.54769
0.012887045	-0.020647676	0.679892394	12055.76694
0.009563452	-0.01795428	0.782826498	13880.98161
0.006731586	-0.015240754	0.886605633	15721.18026
0.004391437	-0.012507296	0.981726726	17407.8556
0.002543104	-0.009752026	1.039729114	18436.34669
0.001195827	-0.006989681	1.040771009	18454.82143
0.000340826	-0.004196749	0.957524586	16978.70627
-1.21E-05	-0.001376585	0.799250314	14172.20666
0	0	0.640433976	11356.09521